0.0145573, 0.948131, 0.0373119
0.0551802, 0.922983, 0.0218365
0.0958031, 0.897836, 0.00636105
0.0300326, 0.88236, 0.087607
0.0706557, 0.857213, 0.0721316
0.111279, 0.832065, 0.0566561
0.151902, 0.806918, 0.0411807
0.192524, 0.78177, 0.0257053
0.233147, 0.756623, 0.0102299
0.00488514, 0.841737, 0.153377
0.0455081, 0.81659, 0.137902
0.086131, 0.791442, 0.122427
0.126754, 0.766295, 0.106951
0.167377, 0.741147, 0.0914758
0.208, 0.716, 0.0760004
0.248623, 0.690852, 0.060525
0.289246, 0.665705, 0.0450495
0.329869, 0.640557, 0.0295741
0.370492, 0.61541, 0.0140987
0.0203605, 0.775967, 0.203673
0.0609835, 0.750819, 0.188197
0.101606, 0.725672, 0.172722
0.142229, 0.700524, 0.157246
0.182852, 0.675377, 0.141771
0.223475, 0.650229, 0.126295
0.264098, 0.625082, 0.11082
0.304721, 0.599934, 0.0953446
0.345344, 0.574787, 0.0798692
0.035836, 0.710196, 0.253968
0.0764589, 0.685049, 0.238492
0.117082, 0.659901, 0.223017
0.157705, 0.634754, 0.207541
0.198328, 0.609606, 0.192066
0.238951, 0.584459, 0.176591
0.279574, 0.559311, 0.161115
0.320197, 0.534164, 0.14564
0.0106884, 0.669573, 0.319738
0.0513113, 0.644426, 0.304263
0.0919343, 0.619278, 0.288787
0.132557, 0.594131, 0.273312
0.17318, 0.568983, 0.257836
0.213803, 0.543836, 0.242361
0.254426, 0.518688, 0.226886
0.295049, 0.493541, 0.21141
0.0261638, 0.603803, 0.370033
0.0667868, 0.578655, 0.354558
0.10741, 0.553508, 0.339082
0.148033, 0.52836, 0.323607
0.188656, 0.503213, 0.308132
0.229279, 0.478065, 0.292656
0.269902, 0.452918, 0.277181
0.0141338, 0.950524, 0.0353426
0.0550201, 0.925802, 0.0191782
0.0959066, 0.90108, 0.00301385
0.0302981, 0.885866, 0.0838358
0.0711845, 0.861144, 0.0676714
0.112071, 0.836422, 0.051507
0.152957, 0.8117, 0.0353426
0.193844, 0.786978, 0.0191782
0.23473, 0.762256, 0.00301382
0.00557611, 0.845931, 0.148493
0.0464625, 0.821209, 0.132329
0.0873489, 0.796487, 0.116165
0.128235, 0.771765, 0.1
0.169122, 0.747043, 0.0838357
0.210008, 0.722321, 0.0676713
0.250894, 0.697599, 0.051507
0.291781, 0.672877, 0.0353426
0.332667, 0.648155, 0.0191782
0.373554, 0.623433, 0.0030138
0.0217405, 0.781273, 0.196986
0.0626269, 0.756551, 0.180822
0.103513, 0.731829, 0.164658
0.1444, 0.707107, 0.148493
0.185286, 0.682385, 0.132329
0.226172, 0.657663, 0.116164
0.267059, 0.632941, 0.1
0.307945, 0.608219, 0.0838357
0.348832, 0.583497, 0.0676713
0.0379049, 0.716616, 0.24548
0.0787913, 0.691894, 0.229315
0.119678, 0.667172, 0.213151
0.160564, 0.64245, 0.196986
0.20145, 0.617728, 0.180822
0.242337, 0.593006, 0.164658
0.283223, 0.568284, 0.148493
0.32411, 0.543562, 0.132329
0.0131829, 0.67668, 0.310137
0.0540693, 0.651958, 0.293973
0.0949556, 0.627236, 0.277808
0.135842, 0.602514, 0.261644
0.176728, 0.577792, 0.24548
0.217615, 0.55307, 0.229315
0.258501, 0.528348, 0.213151
0.299388, 0.503626, 0.196986
0.0293473, 0.612023, 0.35863
0.0702336, 0.587301, 0.342466
0.11112, 0.562578, 0.326301
0.152006, 0.537857, 0.310137
0.192893, 0.513135, 0.293973
0.233779, 0.488412, 0.277808
0.274666, 0.463691, 0.261644
0.0123881, 0.949719, 0.0378932
0.0525782, 0.925418, 0.0220041
0.0927683, 0.901117, 0.00611494
0.0282772, 0.885228, 0.0864952
0.0684674, 0.860927, 0.070606
0.108657, 0.836626, 0.0547169
0.148848, 0.812325, 0.0388278
0.189038, 0.788024, 0.0229387
0.229228, 0.763723, 0.00704958
0.00397629, 0.845037, 0.150986
0.0441664, 0.820736, 0.135097
0.0843564, 0.796436, 0.119208
0.124547, 0.772135, 0.103319
0.164737, 0.747834, 0.0874298
0.204927, 0.723533, 0.0715407
0.245117, 0.699232, 0.0556516
0.285307, 0.674931, 0.0397624
0.325497, 0.65063, 0.0238733
0.365687, 0.626329, 0.00798422
0.0198654, 0.780546, 0.199588
0.0600554, 0.756245, 0.183699
0.100246, 0.731944, 0.16781
0.140436, 0.707643, 0.151921
0.180626, 0.683342, 0.136032
0.220816, 0.659042, 0.120143
0.261006, 0.63474, 0.104254
0.301196, 0.610439, 0.0883644
0.341386, 0.586139, 0.0724753
0.0357545, 0.716055, 0.24819
0.0759446, 0.691754, 0.232301
0.116135, 0.667453, 0.216412
0.156325, 0.643152, 0.200523
0.196515, 0.618851, 0.184634
0.236705, 0.59455, 0.168745
0.276895, 0.570249, 0.152856
0.317085, 0.545948, 0.136966
0.0114535, 0.675865, 0.312681
0.0516436, 0.651564, 0.296792
0.0918337, 0.627263, 0.280903
0.132024, 0.602962, 0.265014
0.172214, 0.578661, 0.249125
0.212404, 0.55436, 0.233236
0.252594, 0.530059, 0.217347
0.292784, 0.505758, 0.201458
0.0273426, 0.611374, 0.361283
0.0675327, 0.587073, 0.345394
0.107723, 0.562772, 0.329505
0.147913, 0.538471, 0.313616
0.188103, 0.51417, 0.297727
0.228293, 0.489869, 0.281838
0.268483, 0.465568, 0.265949
0.0127961, 0.947317, 0.0398873
0.0527317, 0.922595, 0.0246738
0.0926672, 0.897873, 0.00946022
0.0280097, 0.881708, 0.0902822
0.0679452, 0.856986, 0.0750686
0.107881, 0.832264, 0.0598551
0.147816, 0.807542, 0.0446415
0.187752, 0.78282, 0.029428
0.227687, 0.758098, 0.0142145
0.00328767, 0.840822, 0.155891
0.0432232, 0.8161, 0.140677
0.0831588, 0.791378, 0.125463
0.123094, 0.766656, 0.11025
0.16303, 0.741934, 0.0950364
0.202965, 0.717212, 0.0798229
0.242901, 0.69249, 0.0646093
0.282836, 0.667768, 0.0493958
0.322772, 0.643046, 0.0341823
0.362707, 0.618324, 0.0189687
0.0185012, 0.775213, 0.206285
0.0584368, 0.750491, 0.191072
0.0983723, 0.725769, 0.175858
0.138308, 0.701047, 0.160645
0.178243, 0.676325, 0.145431
0.218179, 0.651603, 0.130218
0.258114, 0.626881, 0.115004
0.29805, 0.602159, 0.0997907
0.337985, 0.577437, 0.0845771
0.0337147, 0.709605, 0.25668
0.0736502, 0.684883, 0.241467
0.113586, 0.660161, 0.226253
0.153521, 0.635439, 0.21104
0.193457, 0.610717, 0.195826
0.233392, 0.585995, 0.180613
0.273328, 0.561273, 0.165399
0.313263, 0.536551, 0.150186
0.00899273, 0.668719, 0.322289
0.0489283, 0.643997, 0.307075
0.0888638, 0.619275, 0.291862
0.128799, 0.594553, 0.276648
0.168735, 0.569831, 0.261435
0.20867, 0.545109, 0.246221
0.248606, 0.520387, 0.231007
0.288541, 0.495665, 0.215794
0.00771491, 0.940451, 0.0518341
0.047905, 0.91615, 0.0359449
0.0880951, 0.891849, 0.0200558
0.128285, 0.867548, 0.00416673
0.023604, 0.87596, 0.100436
0.0637941, 0.851659, 0.0845469
0.103984, 0.827358, 0.0686578
0.144174, 0.803057, 0.0527687
0.184364, 0.778756, 0.0368796
0.224555, 0.754455, 0.0209905
0.264745, 0.730154, 0.00510136
0.0394931, 0.811469, 0.149038
0.0796832, 0.787168, 0.133149
0.119873, 0.762867, 0.11726
0.160063, 0.738566, 0.101371
0.200254, 0.714265, 0.0854815
0.240444, 0.689964, 0.0695924
0.280634, 0.665663, 0.0537033
0.320824, 0.641362, 0.0378142
0.361014, 0.617061, 0.0219251
0.0151921, 0.771279, 0.213529
0.0553822, 0.746978, 0.19764
0.0955723, 0.722677, 0.181751
0.135762, 0.698376, 0.165862
0.175953, 0.674075, 0.149973
0.216143, 0.649774, 0.134084
0.256333, 0.625473, 0.118194
0.296523, 0.601172, 0.102305
0.336713, 0.576871, 0.0864162
0.0310812, 0.706788, 0.262131
0.0712714, 0.682487, 0.246242
0.111461, 0.658186, 0.230353
0.151652, 0.633885, 0.214464
0.191842, 0.609584, 0.198575
0.232032, 0.585283, 0.182685
0.272222, 0.560982, 0.166796
0.312412, 0.536681, 0.150907
0.00678021, 0.666598, 0.326622
0.0469704, 0.642297, 0.310733
0.0871604, 0.617996, 0.294844
0.127351, 0.593695, 0.278955
0.167541, 0.569394, 0.263066
0.207731, 0.545093, 0.247177
0.247921, 0.520792, 0.231287
0.288111, 0.496491, 0.215398
0.0226694, 0.602107, 0.375224
0.0628594, 0.577806, 0.359335
0.10305, 0.553505, 0.343446
0.14324, 0.529204, 0.327557
0.18343, 0.504903, 0.311668
0.22362, 0.480602, 0.295779
0.26381, 0.456301, 0.279889
0.0393069, 0.920419, 0.0402742
0.0801933, 0.895697, 0.0241098
0.12108, 0.870975, 0.00794541
0.0145849, 0.880483, 0.104932
0.0554713, 0.855761, 0.0887673
0.0963577, 0.831039, 0.072603
0.137244, 0.806317, 0.0564386
0.17813, 0.781595, 0.0402742
0.219017, 0.756873, 0.0241098
0.259903, 0.732151, 0.00794539
0.0307493, 0.815826, 0.153425
0.0716357, 0.791104, 0.13726
0.112522, 0.766382, 0.121096
0.153408, 0.74166, 0.104932
0.194295, 0.716938, 0.0887673
0.235181, 0.692216, 0.0726029
0.276068, 0.667494, 0.0564385
0.316954, 0.642772, 0.0402742
0.35784, 0.61805, 0.0241098
0.00602732, 0.77589, 0.218082
0.0469137, 0.751168, 0.201918
0.0878, 0.726446, 0.185754
0.128686, 0.701724, 0.169589
0.169573, 0.677002, 0.153425
0.210459, 0.65228, 0.13726
0.251346, 0.627558, 0.121096
0.292232, 0.602836, 0.104932
0.333118, 0.578114, 0.0887673
0.0221917, 0.711233, 0.266576
0.0630781, 0.686511, 0.250411
0.103964, 0.661789, 0.234247
0.144851, 0.637067, 0.218082
0.185737, 0.612345, 0.201918
0.226624, 0.587623, 0.185754
0.26751, 0.562901, 0.169589
0.308396, 0.538179, 0.153425
0.0383561, 0.646575, 0.315069
0.0792425, 0.621853, 0.298904
0.120129, 0.597131, 0.28274
0.161015, 0.572409, 0.266576
0.201902, 0.547687, 0.250411
0.242788, 0.522965, 0.234247
0.283674, 0.498243, 0.218082
0.0136341, 0.60664, 0.379726
0.0545205, 0.581918, 0.363562
0.0954069, 0.557196, 0.347397
0.136293, 0.532474, 0.331233
0.17718, 0.507752, 0.315069
0.218066, 0.48303, 0.298904
0.258952, 0.458308, 0.28274
0.00363914, 0.952033, 0.044328
0.0442621, 0.926885, 0.0288526
0.084885, 0.901738, 0.0133772
0.0191145, 0.886262, 0.0946231
0.0597375, 0.861115, 0.0791477
0.10036, 0.835967, 0.0636723
0.140983, 0.81082, 0.0481969
0.181606, 0.785672, 0.0327214
0.222229, 0.760525, 0.017246
0.262852, 0.735377, 0.00177061
0.0345899, 0.820492, 0.144918
0.0752129, 0.795344, 0.129443
0.115836, 0.770197, 0.113967
0.156459, 0.745049, 0.0984919
0.197082, 0.719902, 0.0830165
0.237705, 0.694754, 0.0675411
0.278328, 0.669607, 0.0520657
0.318951, 0.644459, 0.0365903
0.359574, 0.619311, 0.0211149
0.00944238, 0.779869, 0.210689
0.0500654, 0.754721, 0.195213
0.0906883, 0.729574, 0.179738
0.131311, 0.704426, 0.164262
0.171934, 0.679279, 0.148787
0.212557, 0.654131, 0.133312
0.25318, 0.628984, 0.117836
0.293803, 0.603836, 0.102361
0.334426, 0.578688, 0.0868854
0.0249179, 0.714098, 0.260984
0.0655408, 0.688951, 0.245508
0.106164, 0.663803, 0.230033
0.146787, 0.638656, 0.214558
0.18741, 0.613508, 0.199082
0.228033, 0.588361, 0.183607
0.268656, 0.563213, 0.168131
0.309279, 0.538065, 0.152656
0.0403932, 0.648328, 0.311279
0.0810163, 0.62318, 0.295803
0.121639, 0.598033, 0.280328
0.162262, 0.572885, 0.264853
0.202885, 0.547738, 0.249377
0.243508, 0.52259, 0.233902
0.284131, 0.497443, 0.218426
0.0166319, 0.958275, 0.0250928
0.0565674, 0.933553, 0.00987933
0.0318454, 0.892667, 0.0754877
0.0717809, 0.867945, 0.0602742
0.111716, 0.843223, 0.0450607
0.151652, 0.818501, 0.0298471
0.191587, 0.793779, 0.0146336
0.00712344, 0.851781, 0.141096
0.0470589, 0.827059, 0.125883
0.0869944, 0.802337, 0.110669
0.12693, 0.777615, 0.0954555
0.166866, 0.752892, 0.080242
0.206801, 0.728171, 0.0650285
0.246737, 0.703449, 0.049815
0.286672, 0.678726, 0.0346014
0.326608, 0.654005, 0.0193879
0.366543, 0.629283, 0.00417441
0.022337, 0.786172, 0.191491
0.0622724, 0.76145, 0.176277
0.102208, 0.736728, 0.161064
0.142144, 0.712006, 0.14585
0.182079, 0.687284, 0.130637
0.222015, 0.662562, 0.115423
0.26195, 0.63784, 0.10021
0.301886, 0.613118, 0.0849963
0.341821, 0.588396, 0.0697828
0.0375505, 0.720564, 0.241886
0.077486, 0.695842, 0.226672
0.117422, 0.67112, 0.211459
0.157357, 0.646398, 0.196245
0.197293, 0.621676, 0.181032
0.237228, 0.596954, 0.165818
0.277164, 0.572232, 0.150605
0.317099, 0.54751, 0.135391
0.0128285, 0.679677, 0.307494
0.0527641, 0.654955, 0.292281
0.0926995, 0.630233, 0.277067
0.132635, 0.605511, 0.261854
0.172571, 0.580789, 0.24664
0.212506, 0.556067, 0.231426
0.252442, 0.531345, 0.216213
0.292377, 0.506623, 0.200999
0.028042, 0.614069, 0.357889
0.0679776, 0.589347, 0.342675
0.107913, 0.564625, 0.327462
0.147849, 0.539903, 0.312248
0.187784, 0.515181, 0.297035
0.22772, 0.490459, 0.281821
0.267655, 0.465737, 0.266608
0.00754099, 0.962951, 0.0295082
0.0481639, 0.937803, 0.0140328
0.0230164, 0.89718, 0.0798033
0.0636393, 0.872033, 0.0643279
0.104262, 0.846885, 0.0488525
0.144885, 0.821738, 0.0333771
0.185508, 0.79659, 0.0179017
0.226131, 0.771443, 0.00242627
0.0384917, 0.83141, 0.130098
0.0791148, 0.806262, 0.114623
0.119738, 0.781115, 0.0991476
0.160361, 0.755967, 0.0836722
0.200984, 0.73082, 0.0681968
0.241607, 0.705672, 0.0527214
0.28223, 0.680524, 0.037246
0.322852, 0.655377, 0.0217706
0.363475, 0.630229, 0.00629516
0.0133442, 0.790787, 0.195869
0.0539672, 0.765639, 0.180394
0.0945901, 0.740492, 0.164918
0.135213, 0.715344, 0.149443
0.175836, 0.690197, 0.133967
0.216459, 0.665049, 0.118492
0.257082, 0.639902, 0.103017
0.297705, 0.614754, 0.0875411
0.338328, 0.589606, 0.0720657
0.0288196, 0.725016, 0.246164
0.0694426, 0.699869, 0.230689
0.110066, 0.674721, 0.215213
0.150688, 0.649574, 0.199738
0.191311, 0.624426, 0.184262
0.231934, 0.599279, 0.168787
0.272557, 0.574131, 0.153312
0.31318, 0.548983, 0.137836
0.00367203, 0.684393, 0.311935
0.044295, 0.659246, 0.296459
0.0849179, 0.634098, 0.280984
0.125541, 0.608951, 0.265508
0.166164, 0.583803, 0.250033
0.206787, 0.558656, 0.234558
0.24741, 0.533508, 0.219082
0.288033, 0.508361, 0.203607
0.0191474, 0.618623, 0.36223
0.0597704, 0.593475, 0.346754
0.100393, 0.568328, 0.331279
0.141016, 0.54318, 0.315804
0.181639, 0.518033, 0.300328
0.222262, 0.492885, 0.284853
0.262885, 0.467738, 0.269377
0.00317495, 0.954359, 0.042466
0.0440613, 0.929637, 0.0263016
0.0849477, 0.904915, 0.0101372
0.0193393, 0.889702, 0.0909591
0.0602257, 0.86498, 0.0747947
0.101112, 0.840258, 0.0586303
0.141999, 0.815536, 0.0424659
0.182885, 0.790814, 0.0263015
0.223771, 0.766092, 0.0101371
0.0355037, 0.825044, 0.139452
0.0763901, 0.800322, 0.123288
0.117277, 0.7756, 0.107123
0.158163, 0.750878, 0.090959
0.199049, 0.726156, 0.0747946
0.239936, 0.701434, 0.0586302
0.280822, 0.676712, 0.0424658
0.321709, 0.65199, 0.0263014
0.362595, 0.627268, 0.010137
0.0107817, 0.785109, 0.20411
0.0516681, 0.760387, 0.187945
0.0925545, 0.735664, 0.171781
0.133441, 0.710943, 0.155617
0.174327, 0.686221, 0.139452
0.215214, 0.661499, 0.123288
0.2561, 0.636777, 0.107123
0.296987, 0.612055, 0.0909589
0.337873, 0.587333, 0.0747945
0.0269461, 0.720451, 0.252603
0.0678325, 0.695729, 0.236439
0.108719, 0.671007, 0.220274
0.149605, 0.646285, 0.20411
0.190492, 0.621563, 0.187945
0.231378, 0.596841, 0.171781
0.272265, 0.572119, 0.155616
0.313151, 0.547397, 0.139452
0.00222407, 0.680515, 0.31726
0.0431105, 0.655793, 0.301096
0.0839969, 0.631071, 0.284932
0.124883, 0.606349, 0.268767
0.16577, 0.581628, 0.252603
0.206656, 0.556906, 0.236438
0.247543, 0.532184, 0.220274
0.288429, 0.507462, 0.20411
0.0183885, 0.615858, 0.365754
0.0592749, 0.591136, 0.349589
0.100161, 0.566414, 0.333425
0.141048, 0.541692, 0.31726
0.181934, 0.51697, 0.301096
0.22282, 0.492248, 0.284932
0.263707, 0.467526, 0.268767
0.0184589, 0.959049, 0.0224917
0.0590818, 0.933902, 0.00701635
0.0339343, 0.893279, 0.0727869
0.0745573, 0.868131, 0.0573115
0.11518, 0.842984, 0.0418361
0.155803, 0.817836, 0.0263607
0.196426, 0.792689, 0.0108853
0.00878679, 0.852656, 0.138557
0.0494097, 0.827508, 0.123082
0.0900327, 0.802361, 0.107607
0.130656, 0.777213, 0.0921312
0.171279, 0.752066, 0.0766558
0.211902, 0.726918, 0.0611804
0.252525, 0.70177, 0.045705
0.293147, 0.676623, 0.0302296
0.33377, 0.651475, 0.0147542
0.0242622, 0.786885, 0.188852
0.0648852, 0.761738, 0.173377
0.105508, 0.73659, 0.157902
0.146131, 0.711443, 0.142426
0.186754, 0.686295, 0.126951
0.227377, 0.661147, 0.111476
0.268, 0.636, 0.0960001
0.308623, 0.610852, 0.0805247
0.349246, 0.585705, 0.0650494
0.0397376, 0.721115, 0.239148
0.0803606, 0.695967, 0.223672
0.120984, 0.67082, 0.208197
0.161607, 0.645672, 0.192721
0.202229, 0.620525, 0.177246
0.242852, 0.595377, 0.161771
0.283475, 0.570229, 0.146295
0.324098, 0.545082, 0.13082
0.01459, 0.680492, 0.304918
0.0552131, 0.655344, 0.289443
0.095836, 0.630197, 0.273967
0.136459, 0.605049, 0.258492
0.177082, 0.579902, 0.243017
0.217705, 0.554754, 0.227541
0.258328, 0.529606, 0.212066
0.298951, 0.504459, 0.19659
0.0300655, 0.614721, 0.355213
0.0706885, 0.589574, 0.339738
0.111311, 0.564426, 0.324262
0.151934, 0.539279, 0.308787
0.192557, 0.514131, 0.293312
0.23318, 0.488983, 0.277836
0.273803, 0.463836, 0.262361
0.0258503, 0.953521, 0.0206285
0.0657858, 0.928799, 0.00541497
0.00112826, 0.912635, 0.0862369
0.0410638, 0.887913, 0.0710234
0.0809993, 0.863191, 0.0558098
0.120935, 0.838469, 0.0405963
0.16087, 0.813747, 0.0253827
0.200806, 0.789025, 0.0101692
0.0163418, 0.847026, 0.136632
0.0562773, 0.822304, 0.121418
0.0962128, 0.797582, 0.106205
0.136148, 0.77286, 0.0909912
0.176084, 0.748138, 0.0757776
0.216019, 0.723417, 0.0605641
0.255955, 0.698695, 0.0453505
0.295891, 0.673972, 0.030137
0.335826, 0.649251, 0.0149234
0.0315554, 0.781418, 0.187027
0.0714909, 0.756696, 0.171813
0.111426, 0.731974, 0.1566
0.151362, 0.707252, 0.141386
0.191298, 0.68253, 0.126172
0.231233, 0.657808, 0.110959
0.271169, 0.633086, 0.0957454
0.311104, 0.608364, 0.0805318
0.35104, 0.583642, 0.0653183
0.00683333, 0.740532, 0.252635
0.0467689, 0.71581, 0.237422
0.0867044, 0.691088, 0.222208
0.12664, 0.666366, 0.206994
0.166575, 0.641644, 0.191781
0.206511, 0.616922, 0.176567
0.246447, 0.5922, 0.161354
0.286382, 0.567478, 0.14614
0.326318, 0.542756, 0.130927
0.0220469, 0.674923, 0.30303
0.0619824, 0.650201, 0.287816
0.101918, 0.625479, 0.272603
0.141853, 0.600757, 0.257389
0.181789, 0.576035, 0.242176
0.221725, 0.551313, 0.226962
0.26166, 0.526591, 0.211749
0.301596, 0.501869, 0.196535
0.0372604, 0.609315, 0.353425
0.0771959, 0.584593, 0.338211
0.117131, 0.559871, 0.322998
0.157067, 0.535149, 0.307784
0.197003, 0.510427, 0.292571
0.236938, 0.485705, 0.277357
0.276874, 0.460983, 0.262144
0.0216556, 0.945045, 0.0332993
0.0618457, 0.920744, 0.0174102
0.102036, 0.896443, 0.00152107
0.0375447, 0.880554, 0.0819013
0.0777348, 0.856253, 0.0660121
0.117925, 0.831952, 0.050123
0.158115, 0.807651, 0.0342339
0.198305, 0.78335, 0.0183448
0.238495, 0.759049, 0.0024557
0.0132437, 0.840364, 0.146392
0.0534338, 0.816063, 0.130503
0.0936239, 0.791762, 0.114614
0.133814, 0.767461, 0.098725
0.174004, 0.74316, 0.0828359
0.214194, 0.718859, 0.0669468
0.254384, 0.694558, 0.0510577
0.294574, 0.670257, 0.0351686
0.334765, 0.645956, 0.0192794
0.374955, 0.621655, 0.00339034
0.0291329, 0.775873, 0.194994
0.0693229, 0.751572, 0.179105
0.109513, 0.727271, 0.163216
0.149703, 0.70297, 0.147327
0.189893, 0.678669, 0.131438
0.230083, 0.654368, 0.115549
0.270273, 0.630067, 0.0996596
0.310464, 0.605766, 0.0837705
0.350654, 0.581465, 0.0678814
0.00483186, 0.735683, 0.259485
0.0450219, 0.711382, 0.243596
0.0852121, 0.687081, 0.227707
0.125402, 0.66278, 0.211818
0.165592, 0.638479, 0.195929
0.205782, 0.614178, 0.18004
0.245972, 0.589877, 0.164151
0.286163, 0.565576, 0.148262
0.326353, 0.541275, 0.132372
0.0207209, 0.671192, 0.308087
0.0609111, 0.646891, 0.292198
0.101101, 0.62259, 0.276309
0.141291, 0.598289, 0.26042
0.181481, 0.573988, 0.244531
0.221671, 0.549687, 0.228642
0.261862, 0.525386, 0.212753
0.302052, 0.501085, 0.196864
0.0366101, 0.606701, 0.356689
0.0768001, 0.5824, 0.3408
0.11699, 0.558099, 0.324911
0.15718, 0.533798, 0.309022
0.19737, 0.509497, 0.293133
0.237561, 0.485196, 0.277244
0.277751, 0.460895, 0.261355
0.00937937, 0.941305, 0.0493156
0.0502657, 0.916583, 0.0331512
0.0911522, 0.891861, 0.0169868
0.132039, 0.867139, 0.000822418
0.0255438, 0.876647, 0.0978087
0.0664302, 0.851926, 0.0816443
0.107317, 0.827204, 0.0654799
0.148203, 0.802482, 0.0493155
0.189089, 0.777759, 0.0331512
0.229976, 0.753038, 0.0169868
0.270862, 0.728315, 0.000822384
0.000821793, 0.836712, 0.162466
0.0417082, 0.81199, 0.146302
0.0825946, 0.787268, 0.130137
0.123481, 0.762546, 0.113973
0.164367, 0.737824, 0.0978087
0.205254, 0.713102, 0.0816443
0.24614, 0.68838, 0.0654799
0.287026, 0.663658, 0.0493155
0.327913, 0.638936, 0.0331511
0.368799, 0.614214, 0.0169867
0.0169861, 0.772054, 0.210959
0.0578726, 0.747332, 0.194795
0.0987589, 0.72261, 0.178631
0.139645, 0.697888, 0.162466
0.180532, 0.673166, 0.146302
0.221418, 0.648444, 0.130137
0.262304, 0.623722, 0.113973
0.303191, 0.599, 0.0978086
0.344077, 0.574278, 0.0816443
0.0331506, 0.707397, 0.259452
0.0740369, 0.682675, 0.243288
0.114923, 0.657953, 0.227124
0.15581, 0.633231, 0.210959
0.196696, 0.608509, 0.194795
0.237583, 0.583787, 0.178631
0.278469, 0.559065, 0.162466
0.319355, 0.534343, 0.146302
0.00842855, 0.667461, 0.32411
0.049315, 0.642739, 0.307946
0.0902013, 0.618017, 0.291781
0.131088, 0.593295, 0.275617
0.171974, 0.568573, 0.259452
0.212861, 0.543851, 0.243288
0.253747, 0.519129, 0.227124
0.294633, 0.494407, 0.210959
0.024593, 0.602804, 0.372603
0.0654793, 0.578082, 0.356439
0.106366, 0.55336, 0.340274
0.147252, 0.528638, 0.32411
0.188139, 0.503916, 0.307946
0.229025, 0.479194, 0.291781
0.269911, 0.454472, 0.275617
0.0169822, 0.935778, 0.0472398
0.0571723, 0.911477, 0.0313507
0.0973624, 0.887176, 0.0154616
0.0328713, 0.871287, 0.0958418
0.0730614, 0.846986, 0.0799527
0.113251, 0.822685, 0.0640636
0.153442, 0.798384, 0.0481745
0.193632, 0.774083, 0.0322853
0.233822, 0.749782, 0.0163962
0.274012, 0.725481, 0.000507119
0.00857033, 0.831097, 0.160333
0.0487604, 0.806796, 0.144444
0.0889506, 0.782495, 0.128555
0.129141, 0.758194, 0.112666
0.169331, 0.733893, 0.0967764
0.209521, 0.709592, 0.0808873
0.249711, 0.685291, 0.0649982
0.289901, 0.66099, 0.0491091
0.330091, 0.636689, 0.03322
0.0244595, 0.766606, 0.208935
0.0646496, 0.742305, 0.193046
0.10484, 0.718004, 0.177157
0.14503, 0.693703, 0.161268
0.18522, 0.669402, 0.145378
0.22541, 0.645101, 0.129489
0.2656, 0.6208, 0.1136
0.30579, 0.596499, 0.0977111
0.000158477, 0.726416, 0.273426
0.0403486, 0.702115, 0.257537
0.0805386, 0.677814, 0.241648
0.120729, 0.653513, 0.225759
0.160919, 0.629212, 0.20987
0.201109, 0.604911, 0.19398
0.241299, 0.58061, 0.178091
0.281489, 0.556309, 0.162202
0.0160476, 0.661924, 0.322028
0.0562377, 0.637623, 0.306139
0.0964278, 0.613322, 0.29025
0.136618, 0.589022, 0.274361
0.176808, 0.564721, 0.258472
0.216998, 0.54042, 0.242582
0.257188, 0.516119, 0.226693
0.0319367, 0.597433, 0.37063
0.0721268, 0.573132, 0.354741
0.112317, 0.548831, 0.338852
0.152507, 0.52453, 0.322963
0.192697, 0.500229, 0.307074
0.232887, 0.475928, 0.291184
0.0220147, 0.942563, 0.0354227
0.0619503, 0.917841, 0.0202092
0.101886, 0.893119, 0.00499565
0.0372283, 0.876954, 0.0858176
0.0771638, 0.852232, 0.070604
0.117099, 0.82751, 0.0553905
0.157035, 0.802788, 0.040177
0.19697, 0.778066, 0.0249635
0.236906, 0.753344, 0.00974999
0.0125063, 0.836068, 0.151426
0.0524418, 0.811346, 0.136212
0.0923773, 0.786624, 0.120999
0.132313, 0.761902, 0.105785
0.172248, 0.73718, 0.0905719
0.212184, 0.712458, 0.0753584
0.252119, 0.687736, 0.0601449
0.292055, 0.663014, 0.0449314
0.331991, 0.638292, 0.0297179
0.0277197, 0.770459, 0.201821
0.0676553, 0.745737, 0.186607
0.107591, 0.721015, 0.171394
0.147526, 0.696293, 0.15618
0.187462, 0.671571, 0.140967
0.227397, 0.646849, 0.125753
0.267333, 0.622127, 0.11054
0.307269, 0.597405, 0.0953263
0.00299774, 0.729573, 0.267429
0.0429333, 0.704851, 0.252216
0.0828688, 0.680129, 0.237002
0.122804, 0.655407, 0.221789
0.16274, 0.630685, 0.206575
0.202675, 0.605963, 0.191362
0.242611, 0.581241, 0.176148
0.282546, 0.556519, 0.160935
0.0182113, 0.663965, 0.317824
0.0581468, 0.639243, 0.302611
0.0980823, 0.61452, 0.287397
0.138018, 0.589799, 0.272184
0.177953, 0.565077, 0.25697
0.217889, 0.540354, 0.241757
0.257824, 0.515633, 0.226543
0.034345, 0.95513, 0.0105255
0.0476657, 0.930708, 0.0216261
0.0609866, 0.906287, 0.0327268
0.0968258, 0.896772, 0.0064024
0.0743073, 0.881865, 0.0438275
0.110147, 0.87235, 0.0175031
0.0876281, 0.857444, 0.0549281
0.123467, 0.847929, 0.0286037
0.100949, 0.833022, 0.0660288
0.159307, 0.838414, 0.00227933
0.136788, 0.823507, 0.0397044
0.11427, 0.808601, 0.0771295
0.172627, 0.813993, 0.01338
0.150109, 0.799086, 0.0508051
0.127591, 0.784179, 0.0882302
0.185948, 0.789571, 0.0244807
0.16343, 0.774665, 0.0619057
0.140911, 0.759758, 0.0993308
0.199269, 0.76515, 0.0355813
0.176751, 0.750243, 0.0730064
0.154232, 0.735336, 0.110431
0.235108, 0.755635, 0.00925694
0.21259, 0.740728, 0.046682
0.190071, 0.725822, 0.0841071
0.167553, 0.710915, 0.121532
0.248429, 0.731213, 0.0203576
0.225911, 0.716307, 0.0577827
0.203392, 0.7014, 0.0952078
0.180874, 0.686494, 0.132633
0.26175, 0.706792, 0.0314583
0.239231, 0.691885, 0.0688834
0.216713, 0.676979, 0.106308
0.194194, 0.662072, 0.143734
0.297589, 0.697277, 0.00513387
0.275071, 0.68237, 0.0425589
0.252552, 0.667464, 0.079984
0.230034, 0.652557, 0.117409
0.207515, 0.637651, 0.154834
0.31091, 0.672856, 0.0162345
0.288391, 0.657949, 0.0536596
0.265873, 0.643042, 0.0910847
0.243354, 0.628136, 0.12851
0.220836, 0.613229, 0.165935
0.324231, 0.648434, 0.0273352
0.301712, 0.633527, 0.0647603
0.279194, 0.618621, 0.102185
0.256675, 0.603714, 0.13961
0.234157, 0.588808, 0.177036
0.36007, 0.638919, 0.00101081
0.337552, 0.624013, 0.0384359
0.315033, 0.609106, 0.075861
0.292515, 0.594199, 0.113286
0.269996, 0.579293, 0.150711
0.247478, 0.564386, 0.188136
0.373391, 0.614498, 0.0121115
0.350872, 0.599591, 0.0495366
0.328354, 0.584685, 0.0869616
0.305835, 0.569778, 0.124387
0.283317, 0.554871, 0.161812
0.260798, 0.539965, 0.199237
0.386712, 0.590076, 0.0232122
0.364193, 0.57517, 0.0606372
0.341675, 0.560263, 0.0980623
0.319156, 0.545357, 0.135487
0.296638, 0.53045, 0.172912
0.274119, 0.515543, 0.210338
0.400032, 0.565655, 0.0343128
0.377514, 0.550748, 0.0717379
0.354995, 0.535842, 0.109163
0.332477, 0.520935, 0.146588
0.309958, 0.506028, 0.184013
0.28744, 0.491122, 0.221438
0.435872, 0.55614, 0.00798842
0.413353, 0.541233, 0.0454135
0.390835, 0.526327, 0.0828386
0.368316, 0.51142, 0.120264
0.345798, 0.496514, 0.157689
0.323279, 0.481607, 0.195114
0.300761, 0.4667, 0.232539
0.449192, 0.531718, 0.0190891
0.426674, 0.516812, 0.0565142
0.404155, 0.501905, 0.0939392
0.381637, 0.486999, 0.131364
0.359118, 0.472092, 0.168789
0.3366, 0.457186, 0.206214
0.314082, 0.442279, 0.24364
0.462513, 0.507297, 0.0301898
0.439995, 0.49239, 0.0676148
0.417476, 0.477484, 0.10504
0.394958, 0.462577, 0.142465
0.372439, 0.447671, 0.17989
0.349921, 0.432764, 0.217315
0.327402, 0.417857, 0.25474
0.498352, 0.497782, 0.00386535
0.475834, 0.482876, 0.0412904
0.453316, 0.467969, 0.0787155
0.430797, 0.453062, 0.116141
0.408279, 0.438156, 0.153566
0.38576, 0.423249, 0.190991
0.363242, 0.408343, 0.228416
0.340723, 0.393436, 0.265841
0.511673, 0.473361, 0.014966
0.489155, 0.458454, 0.0523911
0.466636, 0.443548, 0.0898162
0.444118, 0.428641, 0.127241
0.421599, 0.413734, 0.164666
0.399081, 0.398828, 0.202091
0.376562, 0.383921, 0.239516
0.354044, 0.369015, 0.276942
0.524994, 0.448939, 0.0260667
0.502476, 0.434033, 0.0634918
0.479957, 0.419126, 0.100917
0.457439, 0.404219, 0.138342
0.43492, 0.389313, 0.175767
0.412402, 0.374406, 0.213192
0.389883, 0.3595, 0.250617
0.367365, 0.344593, 0.288042
0.538315, 0.424518, 0.0371674
0.515796, 0.409611, 0.0745924
0.493278, 0.394705, 0.112018
0.470759, 0.379798, 0.149443
0.448241, 0.364891, 0.186868
0.425722, 0.349985, 0.224293
0.403204, 0.335078, 0.261718
0.380685, 0.320172, 0.299143
0.574154, 0.415003, 0.010843
0.551636, 0.400096, 0.048268
0.529117, 0.38519, 0.0856931
0.506599, 0.370283, 0.123118
0.48408, 0.355377, 0.160543
0.461562, 0.34047, 0.197968
0.439043, 0.325563, 0.235393
0.416525, 0.310657, 0.272819
0.394006, 0.29575, 0.310244
0.587475, 0.390581, 0.0219436
0.564956, 0.375675, 0.0593687
0.542438, 0.360768, 0.0967938
0.519919, 0.345862, 0.134219
0.497401, 0.330955, 0.171644
0.474882, 0.316049, 0.209069
0.452364, 0.301142, 0.246494
0.429846, 0.286235, 0.283919
0.407327, 0.271329, 0.321344
0.931057, 0.068837, 0.000105528
0.97123, 0.0139533, 0.0148166
0.866555, 0.123721, 0.00972435
0.906728, 0.068837, 0.0244354
0.9469, 0.0139533, 0.0391465
0.76188, 0.233488, 0.00463208
0.802052, 0.178604, 0.0193432
0.842225, 0.123721, 0.0340543
0.882398, 0.068837, 0.0487653
0.92257, 0.0139533, 0.0634764
0.697377, 0.288372, 0.0142509
0.73755, 0.233488, 0.028962
0.777722, 0.178604, 0.0436731
0.817895, 0.123721, 0.0583842
0.858068, 0.068837, 0.0730952
0.89824, 0.0139533, 0.0878063
0.592702, 0.398139, 0.00915864
0.632875, 0.343256, 0.0238697
0.673047, 0.288372, 0.0385808
0.71322, 0.233488, 0.0532919
0.753393, 0.178604, 0.068003
0.793565, 0.123721, 0.0827141
0.833738, 0.068837, 0.0974251
0.87391, 0.0139533, 0.112136
0.488027, 0.507907, 0.00406637
0.5282, 0.453023, 0.0187775
0.568372, 0.398139, 0.0334885
0.608545, 0.343256, 0.0481996
0.648717, 0.288372, 0.0629107
0.68889, 0.233488, 0.0776218
0.729063, 0.178604, 0.0923329
0.769235, 0.123721, 0.107044
0.809408, 0.068837, 0.121755
0.849581, 0.0139533, 0.136466
0.423524, 0.56279, 0.0136852
0.463697, 0.507907, 0.0283963
0.50387, 0.453023, 0.0431074
0.544042, 0.398139, 0.0578184
0.584215, 0.343256, 0.0725295
0.624388, 0.288372, 0.0872406
0.66456, 0.233488, 0.101952
0.704733, 0.178604, 0.116663
0.744905, 0.123721, 0.131374
0.785078, 0.068837, 0.146085
0.825251, 0.0139533, 0.160796
0.318849, 0.672558, 0.00859293
0.359022, 0.617674, 0.023304
0.399195, 0.56279, 0.0380151
0.439367, 0.507907, 0.0527262
0.47954, 0.453023, 0.0674373
0.519712, 0.398139, 0.0821484
0.559885, 0.343256, 0.0968594
0.600058, 0.288372, 0.111571
0.64023, 0.233488, 0.126282
0.680403, 0.178604, 0.140993
0.720576, 0.123721, 0.155704
0.760748, 0.068837, 0.170415
0.800921, 0.0139533, 0.185126
0.214174, 0.782325, 0.00350066
0.254347, 0.727441, 0.0182117
0.294519, 0.672558, 0.0329228
0.334692, 0.617674, 0.0476339
0.374865, 0.56279, 0.062345
0.415037, 0.507907, 0.0770561
0.45521, 0.453023, 0.0917672
0.495382, 0.398139, 0.106478
0.535555, 0.343256, 0.121189
0.575728, 0.288372, 0.1359
0.6159, 0.233488, 0.150612
0.656073, 0.178604, 0.165323
0.696246, 0.123721, 0.180034
0.736418, 0.068837, 0.194745
0.776591, 0.0139533, 0.209456
0.149672, 0.837209, 0.0131195
0.189844, 0.782325, 0.0278306
0.230017, 0.727441, 0.0425417
0.270189, 0.672558, 0.0572527
0.310362, 0.617674, 0.0719638
0.350535, 0.56279, 0.0866749
0.390707, 0.507907, 0.101386
0.43088, 0.453023, 0.116097
0.471053, 0.398139, 0.130808
0.511225, 0.343256, 0.145519
0.551398, 0.288372, 0.16023
0.59157, 0.233488, 0.174941
0.631743, 0.178604, 0.189653
0.671916, 0.123721, 0.204364
0.712088, 0.068837, 0.219075
0.752261, 0.0139533, 0.233786
0.0449965, 0.946976, 0.00802722
0.0851691, 0.892093, 0.0227383
0.125342, 0.837209, 0.0374494
0.165514, 0.782325, 0.0521605
0.205687, 0.727441, 0.0668716
0.24586, 0.672558, 0.0815826
0.286032, 0.617674, 0.0962937
0.326205, 0.56279, 0.111005
0.366377, 0.507907, 0.125716
0.40655, 0.453023, 0.140427
0.446723, 0.398139, 0.155138
0.486895, 0.343256, 0.169849
0.527068, 0.288372, 0.18456
0.567241, 0.233488, 0.199271
0.607413, 0.178604, 0.213982
0.647586, 0.123721, 0.228693
0.687758, 0.068837, 0.243405
0.727931, 0.0139533, 0.258116
0.0689426, 0.930952, 0.000105528
0.02877, 0.956413, 0.0148166
0.133445, 0.856831, 0.00972435
0.0932725, 0.882292, 0.0244354
0.0530999, 0.907754, 0.0391465
0.23812, 0.757248, 0.00463208
0.197948, 0.782709, 0.0193432
0.157775, 0.808171, 0.0340543
0.117602, 0.833632, 0.0487654
0.0774298, 0.859094, 0.0634764
0.302623, 0.683126, 0.0142509
0.26245, 0.708588, 0.028962
0.222278, 0.734049, 0.0436731
0.182105, 0.759511, 0.0583842
0.141932, 0.784972, 0.0730953
0.10176, 0.810434, 0.0878063
0.407298, 0.583543, 0.00915864
0.367125, 0.609005, 0.0238697
0.326953, 0.634467, 0.0385808
0.28678, 0.659928, 0.0532919
0.246607, 0.68539, 0.068003
0.206435, 0.710851, 0.0827141
0.166262, 0.736313, 0.0974252
0.12609, 0.761774, 0.112136
0.511973, 0.483961, 0.00406637
0.4718, 0.509422, 0.0187775
0.431628, 0.534884, 0.0334886
0.391455, 0.560345, 0.0481996
0.351283, 0.585807, 0.0629107
0.31111, 0.611268, 0.0776218
0.270937, 0.63673, 0.0923329
0.230765, 0.662191, 0.107044
0.190592, 0.687653, 0.121755
0.15042, 0.713114, 0.136466
0.576476, 0.409839, 0.0136852
0.536303, 0.435301, 0.0283963
0.49613, 0.460762, 0.0431074
0.455958, 0.486224, 0.0578185
0.415785, 0.511685, 0.0725296
0.375612, 0.537147, 0.0872406
0.33544, 0.562608, 0.101952
0.295267, 0.58807, 0.116663
0.255095, 0.613531, 0.131374
0.214922, 0.638993, 0.146085
0.174749, 0.664454, 0.160796
0.681151, 0.310256, 0.00859293
0.640978, 0.335718, 0.023304
0.600805, 0.361179, 0.0380151
0.560633, 0.386641, 0.0527262
0.52046, 0.412102, 0.0674373
0.480288, 0.437564, 0.0821484
0.440115, 0.463026, 0.0968595
0.399942, 0.488487, 0.111571
0.35977, 0.513949, 0.126282
0.319597, 0.53941, 0.140993
0.279425, 0.564872, 0.155704
0.239252, 0.590333, 0.170415
0.199079, 0.615795, 0.185126
0.785826, 0.210673, 0.00350066
0.745653, 0.236135, 0.0182118
0.705481, 0.261597, 0.0329228
0.665308, 0.287058, 0.0476339
0.625135, 0.31252, 0.062345
0.584963, 0.337981, 0.0770561
0.54479, 0.363443, 0.0917672
0.504618, 0.388904, 0.106478
0.464445, 0.414366, 0.121189
0.424272, 0.439827, 0.1359
0.3841, 0.465289, 0.150612
0.343927, 0.49075, 0.165323
0.303755, 0.516212, 0.180034
0.263582, 0.541673, 0.194745
0.223409, 0.567135, 0.209456
0.850328, 0.136552, 0.0131195
0.810156, 0.162014, 0.0278306
0.769983, 0.187475, 0.0425417
0.729811, 0.212937, 0.0572528
0.689638, 0.238398, 0.0719638
0.649465, 0.26386, 0.0866749
0.609293, 0.289321, 0.101386
0.56912, 0.314783, 0.116097
0.528947, 0.340244, 0.130808
0.488775, 0.365706, 0.145519
0.448602, 0.391167, 0.16023
0.40843, 0.416629, 0.174941
0.368257, 0.44209, 0.189653
0.328084, 0.467552, 0.204364
0.287912, 0.493013, 0.219075
0.247739, 0.518475, 0.233786
0.955003, 0.0369693, 0.00802722
0.914831, 0.0624308, 0.0227383
0.874658, 0.0878923, 0.0374494
0.834486, 0.113354, 0.0521605
0.794313, 0.138815, 0.0668716
0.75414, 0.164277, 0.0815827
0.713968, 0.189738, 0.0962937
0.673795, 0.2152, 0.111005
0.633623, 0.240661, 0.125716
0.59345, 0.266123, 0.140427
0.553277, 0.291585, 0.155138
0.513105, 0.317046, 0.169849
0.472932, 0.342508, 0.18456
0.43276, 0.367969, 0.199271
0.392587, 0.393431, 0.213982
0.352414, 0.418892, 0.228694
0.312242, 0.444354, 0.243405
0.272069, 0.469815, 0.258116
0.967643, 0.0206666, 0.0116905
0.928602, 0.0365093, 0.0348888
0.913891, 0.0766819, 0.00942732
0.904272, 0.0121794, 0.0835486
0.889561, 0.052352, 0.0580871
0.87485, 0.0925246, 0.0326256
0.860139, 0.132697, 0.0071641
0.865231, 0.0280221, 0.106747
0.85052, 0.0681947, 0.0812854
0.835809, 0.108367, 0.0558239
0.821098, 0.14854, 0.0303624
0.806387, 0.188713, 0.00490087
0.840901, 0.00369221, 0.155407
0.82619, 0.0438648, 0.129945
0.811479, 0.0840374, 0.104484
0.796768, 0.12421, 0.0790222
0.782057, 0.164383, 0.0535607
0.767346, 0.204555, 0.0280992
0.752635, 0.244728, 0.00263765
0.80186, 0.0195349, 0.178605
0.787149, 0.0597075, 0.153143
0.772438, 0.0998801, 0.127682
0.757727, 0.140053, 0.10222
0.743016, 0.180225, 0.0767589
0.728305, 0.220398, 0.0512974
0.713594, 0.260571, 0.0258359
0.698882, 0.300743, 0.000374421
0.762819, 0.0353776, 0.201803
0.748108, 0.0755502, 0.176342
0.733397, 0.115723, 0.15088
0.718686, 0.155895, 0.125419
0.703975, 0.196068, 0.0999572
0.689264, 0.236241, 0.0744957
0.674553, 0.276413, 0.0490342
0.659841, 0.316586, 0.0235727
0.738489, 0.0110477, 0.250463
0.723778, 0.0512203, 0.225002
0.709067, 0.091393, 0.19954
0.694356, 0.131566, 0.174079
0.679645, 0.171738, 0.148617
0.664934, 0.211911, 0.123156
0.650223, 0.252083, 0.097694
0.635512, 0.292256, 0.0722325
0.6208, 0.332429, 0.046771
0.606089, 0.372601, 0.0213095
0.699448, 0.0268905, 0.273661
0.684737, 0.0670631, 0.2482
0.670026, 0.107236, 0.222738
0.655315, 0.147408, 0.197277
0.640604, 0.187581, 0.171815
0.625893, 0.227753, 0.146354
0.611182, 0.267926, 0.120892
0.596471, 0.308099, 0.0954308
0.581759, 0.348271, 0.0699693
0.567048, 0.388444, 0.0445078
0.552337, 0.428616, 0.0190463
0.675118, 0.00256056, 0.322321
0.660407, 0.0427332, 0.29686
0.645696, 0.0829058, 0.271398
0.630985, 0.123078, 0.245937
0.616274, 0.163251, 0.220475
0.601563, 0.203424, 0.195014
0.586852, 0.243596, 0.169552
0.572141, 0.283769, 0.144091
0.55743, 0.323941, 0.118629
0.542718, 0.364114, 0.0931676
0.528007, 0.404287, 0.067706
0.513296, 0.444459, 0.0422445
0.498585, 0.484632, 0.016783
0.636077, 0.0184033, 0.345519
0.621366, 0.0585759, 0.320058
0.606655, 0.0987485, 0.294596
0.591944, 0.138921, 0.269135
0.577233, 0.179094, 0.243673
0.562522, 0.219266, 0.218212
0.547811, 0.259439, 0.19275
0.5331, 0.299612, 0.167289
0.518389, 0.339784, 0.141827
0.503677, 0.379957, 0.116366
0.488966, 0.420129, 0.0909043
0.474255, 0.460302, 0.0654428
0.597036, 0.034246, 0.368718
0.582325, 0.0744186, 0.343256
0.567614, 0.114591, 0.317795
0.552903, 0.154764, 0.292333
0.538192, 0.194936, 0.266872
0.523481, 0.235109, 0.24141
0.50877, 0.275282, 0.215949
0.494059, 0.315454, 0.190487
0.479348, 0.355627, 0.165026
0.464636, 0.395799, 0.139564
0.449925, 0.435972, 0.114103
0.572706, 0.00991609, 0.417377
0.557995, 0.0500887, 0.391916
0.543284, 0.0902613, 0.366454
0.528573, 0.130434, 0.340993
0.513862, 0.170607, 0.315531
0.499151, 0.210779, 0.29007
0.48444, 0.250952, 0.264608
0.469729, 0.291124, 0.239147
0.455018, 0.331297, 0.213685
0.440307, 0.37147, 0.188224
0.425595, 0.411642, 0.162762
0.533665, 0.0257588, 0.440576
0.518954, 0.0659314, 0.415114
0.504243, 0.106104, 0.389653
0.489532, 0.146277, 0.364191
0.474821, 0.186449, 0.33873
0.46011, 0.226622, 0.313268
0.445399, 0.266794, 0.287807
0.430688, 0.306967, 0.262345
0.415977, 0.34714, 0.236884
0.401266, 0.387312, 0.211422
0.509336, 0.00142891, 0.489236
0.494624, 0.0416015, 0.463774
0.479913, 0.0817741, 0.438313
0.465202, 0.121947, 0.412851
0.450491, 0.162119, 0.38739
0.43578, 0.202292, 0.361928
0.421069, 0.242465, 0.336466
0.406358, 0.282637, 0.311005
0.391647, 0.32281, 0.285543
0.376936, 0.362982, 0.260082
0.470295, 0.0172716, 0.512434
0.455583, 0.0574442, 0.486972
0.440872, 0.0976168, 0.461511
0.426161, 0.137789, 0.436049
0.41145, 0.177962, 0.410588
0.396739, 0.218135, 0.385126
0.382028, 0.258307, 0.359665
0.367317, 0.29848, 0.334203
0.352606, 0.338652, 0.308742
0.431254, 0.0331143, 0.535632
0.416543, 0.0732869, 0.510171
0.401831, 0.11346, 0.484709
0.38712, 0.153632, 0.459248
0.372409, 0.193805, 0.433786
0.357698, 0.233977, 0.408325
0.342987, 0.27415, 0.382863
0.328276, 0.314323, 0.357402
0.406924, 0.00878444, 0.584292
0.392213, 0.048957, 0.55883
0.377502, 0.0891296, 0.533369
0.36279, 0.129302, 0.507907
0.348079, 0.169475, 0.482446
0.333368, 0.209647, 0.456984
0.318657, 0.24982, 0.431523
0.303946, 0.289993, 0.406061
0.367883, 0.0246271, 0.60749
0.353172, 0.0647998, 0.582029
0.338461, 0.104972, 0.556567
0.323749, 0.145145, 0.531106
0.309038, 0.185318, 0.505644
0.294327, 0.22549, 0.480183
0.279616, 0.265663, 0.454721
0.961966, 0.0260466, 0.0119877
0.857291, 0.135814, 0.0068954
0.897463, 0.0809304, 0.0216065
0.937636, 0.0260466, 0.0363176
0.752615, 0.245581, 0.00180308
0.792788, 0.190698, 0.0165142
0.832961, 0.135814, 0.0312253
0.873133, 0.0809304, 0.0459364
0.913306, 0.0260466, 0.0606475
0.688113, 0.300465, 0.0114219
0.728286, 0.245581, 0.026133
0.768458, 0.190698, 0.0408441
0.808631, 0.135814, 0.0555552
0.848803, 0.0809304, 0.0702663
0.888976, 0.0260466, 0.0849774
0.583438, 0.410233, 0.00632954
0.62361, 0.355349, 0.0210407
0.663783, 0.300465, 0.0357518
0.703956, 0.245581, 0.0504629
0.744128, 0.190698, 0.065174
0.784301, 0.135814, 0.0798851
0.824473, 0.0809304, 0.0945962
0.864646, 0.0260466, 0.109307
0.478763, 0.52, 0.00123721
0.518935, 0.465116, 0.0159483
0.559108, 0.410233, 0.0306594
0.599281, 0.355349, 0.0453705
0.639453, 0.300465, 0.0600817
0.679626, 0.245581, 0.0747928
0.719798, 0.190698, 0.0895039
0.759971, 0.135814, 0.104215
0.800144, 0.0809304, 0.118926
0.840316, 0.0260466, 0.133637
0.41426, 0.574884, 0.010856
0.454433, 0.52, 0.0255671
0.494605, 0.465116, 0.0402782
0.534778, 0.410233, 0.0549893
0.574951, 0.355349, 0.0697004
0.615123, 0.300465, 0.0844116
0.655296, 0.245581, 0.0991227
0.695468, 0.190698, 0.113834
0.735641, 0.135814, 0.128545
0.775814, 0.0809304, 0.143256
0.815986, 0.0260466, 0.157967
0.309585, 0.684651, 0.00576368
0.349758, 0.629767, 0.0204748
0.38993, 0.574884, 0.0351859
0.430103, 0.52, 0.049897
0.470276, 0.465116, 0.0646081
0.510448, 0.410233, 0.0793192
0.550621, 0.355349, 0.0940304
0.590793, 0.300465, 0.108741
0.630966, 0.245581, 0.123453
0.671139, 0.190698, 0.138164
0.711311, 0.135814, 0.152875
0.751484, 0.0809304, 0.167586
0.791656, 0.0260466, 0.182297
0.20491, 0.794419, 0.000671352
0.245083, 0.739535, 0.0153825
0.285255, 0.684651, 0.0300936
0.325428, 0.629767, 0.0448047
0.3656, 0.574884, 0.0595158
0.405773, 0.52, 0.0742269
0.445946, 0.465116, 0.088938
0.486118, 0.410233, 0.103649
